X:
[[ 0.49671415 -0.1382643   0.64768854  1.52302986]
 [-0.23415337 -0.23413696  1.57921282  0.76743473]
 [-0.46947439  0.54256004 -0.46341769 -0.46572975]
 [ 0.24196227 -1.91328024 -1.72491783 -0.56228753]]

X shape: (4, 4)

Q shape: (2, 4, 2)
K shape: (2, 4, 2)
V shape: (2, 4, 2)

Attention weights shape: (2, 4, 4)

Head 1 attention:
[[1.         0.         0.         0.        ]
 [0.86902635 0.13097365 0.         0.        ]
 [0.03998036 0.31669831 0.64332133 0.        ]
 [0.35531803 0.06596407 0.02813977 0.55057813]]

Head 2 attention:
[[1.         0.         0.         0.        ]
 [0.51151607 0.48848393 0.         0.        ]
 [0.36262392 0.34705981 0.29031627 0.        ]
 [0.01814017 0.01183372 0.00581958 0.96420652]]

Head outputs shape: (2, 4, 2)

Final output shape: (4, 4)

Final output:
[[-1.00907403 -1.44333747 -1.451999   -1.51004762]
 [-1.08843501 -1.30160434 -1.05690629 -0.53075862]
 [-0.498106    0.72169601 -0.52650875 -0.14622241]
 [ 1.24147869 -1.0256539  -1.80698924 -2.79876521]]
