X:
[[1. 0.]
 [0. 1.]
 [1. 1.]]

Q:
[[ 0.49671415 -0.1382643 ]
 [ 0.64768854  1.52302986]
 [ 1.14440269  1.38476556]]

K:
[[-0.23415337 -0.23413696]
 [ 1.57921282  0.76743473]
 [ 1.34505944  0.53329777]]

V:
[[-0.46947439  0.54256004]
 [-0.46341769 -0.46572975]
 [-0.93289208  0.07683029]]

Scores before masking:
[[-0.05935066  0.47963656  0.4202859 ]
 [-0.35939129  1.54974051  1.19034922]
 [-0.41874195  2.02937707  1.61063512]]

Causal mask:
[[0. 1. 1.]
 [0. 0. 1.]
 [0. 0. 0.]]

Scores after masking:
[[-0.05935066        -inf        -inf]
 [-0.35939129  1.54974051        -inf]
 [-0.41874195  2.02937707  1.61063512]]

Attention weights:
[[1.         0.         0.        ]
 [0.12907842 0.87092158 0.        ]
 [0.04956405 0.57328602 0.37714993]]

Attention output:
[[-0.46947439  0.54256004]
 [-0.46419948 -0.3355813 ]
 [-0.64078012 -0.21112835]]
